%YAML:1.0
cameraMatrix: !!opencv-matrix
   rows: 3
   cols: 3
   dt: d
   data: [ 3.6193242986125767e+02, 0., 2.5440919179532318e+02, 0.,
       3.6303768257904289e+02, 2.1343385543472087e+02, 0., 0., 1. ]
distortionCoefficients: !!opencv-matrix
   rows: 1
   cols: 5
   dt: d
   data: [ 1.0341888384540135e-01, -3.2027563431457751e-01,
       3.4347919632860290e-03, -2.2003129983362998e-03,
       1.5852692619746231e-01 ]
rotation: !!opencv-matrix
   rows: 3
   cols: 3
   dt: d
   data: [ 1., 0., 0., 0., 1., 0., 0., 0., 1. ]
projection: !!opencv-matrix
   rows: 4
   cols: 4
   dt: d
   data: [ 3.6193242986125767e+02, 0., 2.5440919179532318e+02, 0., 0.,
       3.6303768257904289e+02, 2.1343385543472087e+02, 0., 0., 0., 1.,
       0., 0., 0., 0., 1. ]
