%YAML:1.0
rotation: !!opencv-matrix
   rows: 3
   cols: 3
   dt: d
   data: [ 9.9453778283678207e-01, 1.0437708802441427e-01,
       -1.4834298584977067e-04, -1.0437696084794489e-01,
       9.9453756256007486e-01, 6.9763974365728669e-04,
       2.2035027650296046e-04, -6.7834549384963036e-04,
       9.9999974564654093e-01 ]
translation: !!opencv-matrix
   rows: 3
   cols: 1
   dt: d
   data: [ -6.8046925532277514e-01, -2.2049956415807065e-01,
       -2.9188485467945891e-03 ]
essential: !!opencv-matrix
   rows: 3
   cols: 3
   dt: d
   data: [ -3.5324768042087280e-04, 3.0524794049535419e-03,
       -2.2049747176849183e-01, -2.7529635736033170e-03,
       -7.6625416475013060e-04, 6.8046951523377486e-01,
       2.9032046047529986e-01, -6.5373713216831009e-01,
       -5.0743196057582692e-04 ]
fundamental: !!opencv-matrix
   rows: 3
   cols: 3
   dt: d
   data: [ 6.9614787373663289e-01, -6.0155442347179511e+00,
       4.3453603418727170e+02, 5.4252861220631257e+00,
       1.5100628740069817e+00, -1.3410064168240158e+03,
       -5.7213672577077750e+02, 1.2883247074671017e+03, 1. ]
