%YAML:1.0
depthShift: -1.6719101864577297e+01
