%YAML:1.0
cameraMatrix: !!opencv-matrix
   rows: 3
   cols: 3
   dt: d
   data: [ 1.0719441849523600e+03, 0., 9.8068465812874126e+02, 0.,
       1.0776993409339295e+03, 5.4942720681304036e+02, 0., 0., 1. ]
distortionCoefficients: !!opencv-matrix
   rows: 1
   cols: 5
   dt: d
   data: [ 9.1143563191679725e-02, -1.4220955010443034e-01,
       -3.2260517775272828e-03, 3.0674450726210891e-03,
       1.1310387262885579e-02 ]
rotation: !!opencv-matrix
   rows: 3
   cols: 3
   dt: d
   data: [ 1., 0., 0., 0., 1., 0., 0., 0., 1. ]
projection: !!opencv-matrix
   rows: 4
   cols: 4
   dt: d
   data: [ 1.0719441849523600e+03, 0., 9.8068465812874126e+02, 0., 0.,
       1.0776993409339295e+03, 5.4942720681304036e+02, 0., 0., 0., 1.,
       0., 0., 0., 0., 1. ]
